5632
6113
3682
530
9042
350
718
1121
2447
2350
879
3484
9894
4770
3895
7424
8552
3317
8283
795
2875
2962
6900
6243
2565
2594
35
3519
2360
1200
5236
8383
127
4169
1708
5899
290
8640
3312
6064
5352
3929
2084
6657
913
2623
473
1105
8121
3601
5252
6427
7034
6751
367
249
4564
526
6227
6215
7526
3018
4415
5583
5897
3714
6675
4632
9944
8437
2025
7916
3218
7172
3645
1783
2085
7960
6229
590
4383
2285
6007
5147
4812
1285
8109
5367
9145
2165
8608
4890
5019
4759
9196
7853
5461
151
921
5734
1573
7883
6915
6693
263
5934
1452
1607
9630
8605
8290
9522
8964
9363
1749
5446
848
8058
6524
6719
6017
7534
2601
9827
4491
5569
7347
7139
9692
8889
8978
8439
8451
5441
9425
2833
6704
1067
3165
5700
816
783
3065
5373
491
9920
2760
2546
1118
9137
4288
5710
5832
4477
6916
8611
5391
8572
4246
4321
4315
4070
8925
842
2667
6277
2563
7765
9806
7268
5656
402
12
2530
7068
7266
3711
5135
2692
7040
4336
5740
1483
7222
8216
3730
8888
8193
4308
8074
6230
3806
2306
4123
7400
1778
447
4360
4700
9260
8153
7279
4646
779
8725
3928
6236
2321
5334
4837
6091
5630
5527
1798
1839
2436
6893
400
1724
8250
9661
1751
8655
4608
8680
2938
1597
4729
1412
3049
3391
1757
9028
4654
9983
4807
567
8718
2622
3167
6111
6155
5785
8014
7846
3742
478
6270
3500
79
1265
199
2377
2616
9933
7848
5509
8442
3545
2743
8791
690
4889
2216
268
2169
1303
2879
9750
1740
7803
9604
3214
8592
2433
5724
1882
7879
430
5797
7593
1685
4493
6783
9759
9288
226
703
7135
5199
5767
8094
5249
2994
8634
2352
7436
6882
9550
918
4152
4130
2320
4120
8352
9653
8559
7957
3321
7817
5824
5409
8863
8656
8802
1640
3953
5536
2390
1426
6009
4766
5079
3668
4737
6565
8156
4146
6484
8024
4752
2395
9931
7261
1247
501
4846
6377
5271
9372
6101
4113
3384
6390
1555
1023
6290
7789
2125
640
972
1731
765
4882
3206
2266
3998
3750
209
5038
1618
156
893
5143
9132
4902
8795
698
4156
8470
1033
6865
28
6448
5267
6505
4463
7478
8416
6169
1132
1181
3351
6461
498
4412
5976
2200
515
6225
9213
4077
6343
1061
1662
8738
8328
4768
1772
8062
4866
4205
7032
9705
7318
8917
8157
6374
1083
2271
5451
3754
9593
9586
804
9321
5460
6315
2607
6872
8911
5410
5683
7079
7495
7752
7976
7818
6545
9087
8070
5240
9445
130
5719
7521
5259
2422
4306
9011
9695
9708
7017
7300
4399
1384
5723
5705
9310
7324
8558
1875
7771
5353
6134
6825
506
1838
9638
3857
1656
8230
8073
2020
7717
5839
7223
1557
6497
5966
2053
4958
3520
7410
2040
8639
9111
9910
8013
2654
8626
9552
2507
9312
1863
122
8625
9442
1162
3397
3823
7306
9811
1809
1994
7013
7962
6578
709
8134
